"X1","X2","X3","X4","X5","X6"
0,0.953761534501388,0.434628752146994,0.952249755168923,0.5,NA
60,0.948665663347243,0.447905039208907,0.951855863853833,2,NA
120,0.965551867028755,0.44513696504295,0.946431725383839,0,NA
180,0.952751526982327,0.461456818555612,0.940623977858744,0.5,NA
240,0.941366452308188,0.429662430640319,0.938603748933528,2,NA
300,0.948325697591314,0.462266861750167,0.947255616324907,0,NA
360,0.93301515195505,0.443694578178926,0.954924150628422,0.5,NA
420,0.951736218738485,0.454122691038218,0.952879164106653,1,NA
480,0.947257959169939,0.454310271037644,0.952631042316812,2,NA
540,0.934832270401697,0.45983067599556,0.925998377604374,0.5,NA
600,0.946412304833093,0.466252645149478,0.947144757794052,2,NA
660,0.959217142250433,0.451876250512525,0.943360509222168,4,NA
720,0.948799920271193,0.436375832753114,0.939828076863138,0.5,NA
780,0.951696945710198,0.454361088913409,0.938326486723823,1,NA
840,0.951112614934805,0.461155392276181,0.933848608346276,-1,NA
900,0.958880272431479,0.454280705282096,0.931515392199822,0.5,NA
960,0.941178108964963,0.45875279179572,0.928683355886863,2,NA
1020,0.952038863287531,0.450013850964192,0.924012897211159,0.5,NA
1080,0.957466575761364,0.444384982442682,0.9215421315294,0.5,NA
1140,0.938140998748021,0.456975799945015,0.91942244977997,2,NA
1200,0.938511481988257,0.463699229586341,0.917653325674232,0.5,NA
1260,0.981596215828181,0.45981782868177,0.915216020450613,0.5,NA
1320,0.944336494842656,0.465599194478899,0.911690130417834,1,NA
1380,0.961578786176463,0.459905773638804,0.908273413489214,-1,NA
1440,0.950902794579566,0.448786778420771,0.905257052244237,0.5,NA
1500,0.965023341373917,0.44622351515123,0.901271607680883,2,NA
1560,0.95415852209888,0.458050535320118,0.897688147940617,-1,NA
1620,0.968247556890046,0.450781195796503,0.895269401769421,0.5,NA
1680,0.970388824805615,0.454052649742029,0.891914566218093,1,NA
1740,0.954080580560217,0.451529720928585,0.88864619297636,2,NA
1800,0.971742479240487,0.454068015921847,0.885314385093425,0.5,NA
1860,0.952949752786325,0.462104256613026,0.881932014601325,1,NA
1920,0.956964741018803,0.457788679467123,0.879198565069701,2,NA
1980,0.9635788933988,0.447267877957335,0.875085984317035,0.5,NA
2040,0.939351613085781,0.441131453234395,0.871762005937131,0.5,NA
2100,0.943684987621089,0.444219984586624,0.870240133591427,2,NA
2160,0.94683232892312,0.46908451232995,0.867690941213061,0,NA
2220,0.951929594259867,0.447718694241123,0.863839475023224,0.5,NA
2280,0.955598541107469,0.460189166345353,0.862009387614658,1,NA
2340,0.942197709401882,0.437693613141136,0.861218177153793,2,NA
2400,0.951756633137698,0.449393551253572,0.858305808426634,0.5,NA
2460,0.94757720173815,0.473168635257623,0.854766083386932,0.5,NA
2520,0.961544256373814,0.450918615691651,0.852686561478108,2,NA
2580,0.954560666031633,0.45601646701719,0.848377524648093,0.5,NA
2640,0.937861407267839,0.447385890935081,0.845568176400876,0.5,NA
2700,0.952835135222329,0.460955607438611,0.844188572206164,2,NA
2760,0.953799412120738,0.454362318730471,0.838695696238341,0,NA
2820,0.9342748199797,0.439822565425297,0.83594751580952,0.5,NA
2880,0.952249885658187,0.476233563519852,0.833579236819808,2,NA
2940,0.967291272287957,0.444492585341077,0.829325668080702,0,NA
3000,0.956392191635609,0.44990307923093,0.826736381199893,0.5,NA
3060,0.928576087472988,0.454284023057591,0.824195963124794,1,NA
3120,0.962762515607844,0.451506204911857,0.82133406014556,2,NA
3180,0.964324340134327,0.445172790130556,0.819416244520563,0.5,NA
3240,0.960775766731229,0.444090170763249,0.816252003447075,1,NA
3300,0.965684956072744,0.441510494270157,0.813589514283942,2,NA
3360,0.953392232654182,0.456319797170191,0.813297654797776,0.5,NA
3420,0.941732659101933,0.449001844447855,0.811329662479383,1,NA
3480,0.947544793556414,0.446958127728556,0.807311037818103,2,NA
3540,0.952209101301791,0.436651586226997,0.805038521780906,0.5,NA
3600,0.966736197886689,0.449769653608977,0.801175634276566,1,NA
3660,0.95465417522474,0.455709301862502,0.796920348186771,2,NA
3720,0.936650195445899,0.451989315917858,0.793711887364706,0.5,NA
3780,0.951698274362368,0.458669275887681,0.791066560655987,0.5,NA
3840,0.955096838601537,0.457040398342052,0.789500921828617,1,NA
3900,0.952005184375244,0.455593296806565,0.784627885232123,2,NA
3960,0.953969330310692,0.455974178903239,0.780995148679531,0.5,NA
4020,0.956519497897114,0.435877351802967,0.777015884198222,0.5,NA
4080,0.971136830343929,0.456227406494272,0.774600530137189,1,NA
4140,0.953655355085317,0.445696737960307,0.771401860760346,2,NA
4200,0.963295698317046,0.443717328332206,0.767826150416724,0.5,NA
4260,0.953282865828062,0.466921953596638,0.764330395112918,1,NA
4320,0.94849495710679,0.453642530230118,0.760949318363563,2,NA
4380,0.967182578808038,0.443306920420171,0.757972566996089,0.5,NA
4440,0.931705330450379,0.469841860262386,0.755347352909205,1,NA
4500,0.939009417446309,0.442988968463739,0.750508609935205,1,NA
4560,0.947584423553131,0.452285694852875,0.746115627943012,-1,NA
4620,0.94146416252789,0.457746218098036,0.743900196786369,0.5,NA
4680,0.943081220702973,0.439868797138114,0.740708366175547,2,NA
4740,0.94645398506996,0.450445626160554,0.73746246972659,2,NA
4800,0.942046592603788,0.469732277692945,0.734512541585991,0.5,NA
4860,0.961302931304502,0.456896128574274,0.730408889836647,1,NA
4920,0.950160612995168,0.442341544069542,0.727044079522348,2,NA
4980,0.937993708208732,0.469661413249917,0.725200621806842,0.5,NA
5040,0.953201311744709,0.462874833907458,0.723524814575713,0.5,NA
5100,0.95949961456705,0.438664587278527,0.721529469899602,2,NA
5160,0.935756793471109,0.440922279272568,0.719238406755648,0.5,NA
5220,0.946105967399932,0.444831514030103,0.716661692515631,0.5,NA
5280,0.94512759052797,0.454500902155546,0.712275503368873,2,NA
5340,0.967659805044682,0.43631217790869,0.709664667398562,0.5,NA
5400,0.951993073249735,0.463226748678457,0.707626120699836,0.5,NA
5460,0.943363835112977,0.451347966568902,0.703650493137711,1,NA
5520,0.94934287327072,0.463437747075767,0.699888070734605,2,NA
5580,0.949128229414847,0.459172969813413,0.696686281498321,0.5,NA
5640,0.961343973991638,0.440994222478315,0.693366344229793,1,NA
5700,0.933014205417719,0.458843862000356,0.689690620210143,2,NA
5760,0.938731437111196,0.475764846279293,0.688000756393279,0.5,NA
5820,0.947021292115624,0.464716834128054,0.686079156430655,0.5,NA
5880,0.961897112418817,0.457845136621317,0.684035476745973,1,NA
5940,0.942429302685059,0.45002598880755,0.679718441383696,2,NA
6000,0.957678585704368,0.467490990837479,0.67727577792967,0.5,NA
6060,0.939696699668514,0.440023986735919,0.675116201920678,0.5,NA
6120,0.96166441884811,0.460678747705014,0.671527052011301,2,NA
6180,0.937086788259414,0.440416554035122,0.668858909670301,0.5,NA
6240,0.96470870050779,0.444669074772011,0.666923518381224,0.5,NA
6300,0.94928571341516,0.434744608749639,0.663493670849238,1,NA
6360,0.962941223239917,0.457963415451594,0.66114024353569,2,NA
6420,0.932468191615462,0.459683721050501,0.659258130837292,0.5,NA
6480,0.94339673513687,0.458106797769301,0.657058747917687,0.5,NA
6540,0.959610103266674,0.465261305546325,0.654666414252817,2,NA
6600,0.953280769993927,0.448199643675876,0.65051076864499,0.5,NA
6660,0.948295471715515,0.444591260060563,0.647853204296968,0.5,NA
6720,0.965664428585362,0.460132834567852,0.644684192445886,1,NA
6780,0.958513240729137,0.438683393222194,0.64227668754661,-1,NA
6840,0.947263722408569,0.43872443464898,0.639066879481078,0.5,NA
6900,0.956795202554684,0.448960130387219,0.638085408407816,1,NA
6960,0.946369241156463,0.46682999675506,0.63756743236232,2,NA
7020,0.951565139073549,0.450180045359594,0.633235881268817,0.5,NA
7080,0.937601256312867,0.431694436335829,0.631692625310563,1,NA
7140,0.949626531063922,0.467100407015626,0.631020412335282,2,NA
7200,0.935214839741871,0.448733399659011,0.628112069227571,0.5,NA
7260,0.953961237315465,0.441221892434591,0.624739563221172,1,NA
7320,0.945616766989633,0.42266211139119,0.622647160981802,2,NA
7380,0.955989674300052,0.433501759430896,0.619500283123585,0.5,NA
7440,0.938353883847774,0.453515417409586,0.61564122963407,1,NA
7500,0.971852300934855,0.437092598942711,0.610826339638077,2,NA
7560,0.953299954315592,0.432112622907155,0.606308329041612,0.5,NA
7620,0.938542530333545,0.445567707378858,0.602576708409821,1,NA
7680,0.963349582256321,0.443473848010997,0.597436148503312,2,NA
7740,0.952250473252573,0.454447361630264,0.594558952329685,0.5,NA
7800,0.942345826646841,0.454623497947719,0.589148606207822,1,NA
7860,0.961518455331826,0.450747804525569,0.585190940943668,2,NA
7920,0.950850802851813,0.435278632006336,0.583979921269736,0,NA
7980,0.937514296880145,0.453275669829638,0.582177988003919,0.5,NA
8040,0.958916402805395,0.455501001517026,0.579431067720785,2,NA
8100,0.942451586335866,0.430295797134608,0.575649258598165,-1,NA
8160,0.957562022767296,0.445249104198742,0.574044144981126,0.5,NA
8220,0.942525807516088,0.466611235438828,0.570792414995214,1,NA
8280,0.957893340706791,0.450495062442901,0.566519314982246,2,NA
8340,0.950339728720587,0.457831528035497,0.560372168045238,0.5,NA
8400,0.963929168636306,0.447919739066797,0.556180623591793,1,NA
8460,0.952870883551944,0.45122352474417,0.551603352996642,2,NA
8520,0.975226476673383,0.463601638066363,0.548156677166005,0.5,NA
8580,0.969013558354562,0.459103338701367,0.54314795087403,1,NA
8640,0.943770142881385,0.435407393300022,0.538944340740235,2,NA
8700,0.948647470373515,0.437303044106006,0.534374581558115,0.5,NA
8760,0.951269860293183,0.456866111101219,0.532289075195199,0.5,NA
8820,0.936244921648725,0.445151394805294,0.527385077775999,2,NA
8880,0.955453312530444,0.44803922434235,0.523434265875543,0.5,NA
8940,0.975092430623328,0.451340976784414,0.52006396584625,2,NA
9000,0.965395993325194,0.45510711360199,0.518200022569302,1,NA
9060,0.946737994576905,0.466560015558166,0.515019890817993,2,NA
9120,0.957286555015486,0.450024484727168,0.513022910488252,1,NA
9180,0.933209701470205,0.446430201091758,0.509962755984514,1,NA
9240,0.969557529501834,0.453771573785323,0.508409373661992,2,NA
9300,0.947604158331266,0.420713647684002,0.504104911244097,1,NA
9360,0.936238763497181,0.471904721701833,0.501314098662567,2,NA
9420,0.957361025839894,0.442470569551951,0.499019321303094,2,NA
9480,0.94998681163115,0.441573392669771,0.495764449608815,0,NA
9540,0.953623405167541,0.458477971483821,0.491814511029678,2,NA
9600,0.956355345565259,0.443882888790969,0.488546129574921,0.5,NA
9660,0.955683961184888,0.455551073003344,0.485949682468995,2,NA
9720,0.938953125393862,0.456415385502741,0.483296807487034,1,NA
9780,0.955295660424954,0.445201897484796,0.480205038984988,2,NA
9840,0.942413519639753,0.440601074854298,0.475898774245149,1,NA
9900,0.956210086519486,0.443628726897334,0.473438240462746,2,NA
9960,0.958525784962026,0.456053933567572,0.469961087918566,1,NA
10020,0.947511170473205,0.448996913273049,0.468718651245819,2,NA
10080,0.959081499206136,0.441756670125973,0.466441937010976,1,NA
10140,0.952292326117714,0.451363881327461,0.462149808947821,-1,NA
10200,0.95690103866401,0.447832512216769,0.459469861161508,2,NA
10260,0.93996493164632,0.439226176792623,0.457333983493576,0.5,NA
10320,0.948163976902413,0.446648746650347,0.455001365987005,1,NA
10380,0.950502282356987,0.442198459679405,0.450804252636059,2,NA
10440,0.958857588336509,0.448332276597926,0.448228039145596,1,NA
10500,0.931317058560139,0.451639280750555,0.444958639552337,1,NA
10560,0.959185606104283,0.45209143137461,0.441386831167707,2,NA
10620,0.954540834622031,0.450814406582454,0.436850338633317,2,NA
10680,0.954118574888169,0.462881176366077,0.433780871837725,-1,NA
10740,0.937374639185567,0.436084328257556,0.431468443416795,1,NA
10800,0.937365165901755,0.458986555255759,0.4293057812261,-1,NA
10860,0.953852567551159,0.441145457663802,0.425572924154938,2,NA
10920,0.957600717362715,0.453339990733882,0.423878831316199,0.5,NA
10980,0.940074843524705,0.455275983365936,0.421759759601013,2,NA
11040,0.950771061540571,0.452727258172026,0.419696176380166,1,NA
11100,0.939078275178972,0.443205651399944,0.416548094516744,1,NA
11160,0.94959170275494,0.428838177891377,0.414529829223702,1,NA
11220,0.953868081790264,0.458538590971955,0.412744494822621,2,NA
11280,0.952790979862994,0.437448606403188,0.410064669201851,1,NA
11340,0.954939360098413,0.452545490986312,0.407632045769822,2,NA
11400,0.960898822996417,0.450982476282302,0.405136401427914,2,NA
11460,0.956600512002698,0.456747819309351,0.403025388882255,2,NA
11520,0.925317774675463,0.450728657648374,0.400631377536603,1,NA
11580,0.953463231024042,0.449723427027755,0.4,1,NA
11640,0.938091374219102,0.470580921258076,0.400872302120506,2,NA
11700,0.938477758917149,0.460090975486202,0.386341309286513,1,NA
11760,0.960013848593252,0.443229684912655,0.392150042420037,2,NA
11820,0.951848284294572,0.450665059997819,0.407053830236054,-1,NA
11880,0.949840519125891,0.442436397313266,0.381853526930086,1,NA
11940,0.967090806756068,0.441353450248526,0.396930712972653,2,NA
12000,0.976930780077838,0.463610354147631,0.396792776197616,1,NA
12060,0.949625968617018,0.450040660566239,0.404968490358792,2,NA
12120,0.960662880105668,0.459179559547434,0.40452608917103,1,NA
12180,0.962642192762792,0.439085244982548,0.397122400344673,2,NA
12240,0.961583045245801,0.44659917220572,0.410192540405178,1,NA
12300,0.941476159695883,0.451120925718792,0.396020773542125,1,NA
12360,0.942276710723891,0.460556232767102,0.389433879161483,-1,NA
12420,0.942102628128743,0.455527687312912,0.405461426081786,2,NA
12480,0.930691542220364,0.452020017196996,0.412016066719418,-1,NA
12540,0.944770612270617,0.441972599800107,0.390481883965328,2,NA
12600,0.963963264935809,0.453685535913131,0.399492299624182,0,NA
12660,0.949972776516874,0.433483837508079,0.40439680742593,2,NA
12720,0.945245265207308,0.462029230584095,0.406871403667365,1,NA
12780,0.957899651465355,0.467231841144984,0.399941777209184,2,NA
12840,0.932509588128226,0.456006746312439,0.3985032348778,1,NA
12900,0.941767576557782,0.455409851899329,0.401797671917771,2,NA
12960,0.948899699666829,0.442715904304978,0.405306035953605,1,NA
13020,0.941074642562,0.456257714994745,0.407659478930155,1,NA
13080,0.936558408663462,0.433583298831569,0.395688843452894,2,NA
13140,0.930535608341106,0.445024570986672,0.404160436738715,1,NA
13200,0.945846271706481,0.449627996623607,0.398250153008387,2,NA
13260,0.962764806289665,0.454014352799041,0.404907343668469,1,NA
13320,0.95453790102272,0.464120492645117,0.405855489494621,2,NA
13380,0.950353114043466,0.432559670371841,0.406047074639195,1,NA
13440,0.960636862553672,0.459744382097102,0.390040808263367,2,NA
13500,0.962090702460086,0.443521366914919,0.40058774865334,1,NA
13560,0.939532200443141,0.438030391034364,0.384309087358675,2,NA
13620,0.9466730282987,0.451456031978566,0.398335641228071,1,NA
13680,0.947571778882469,0.430938000036921,0.379876855524978,2,NA
13740,0.977123289273724,0.457435412657366,0.396842156671251,2,NA
13800,0.96264490567361,0.461049076817183,0.405238233706888,0.5,NA
13860,0.942393591634652,0.459007376377388,0.408512364030436,2,NA
13920,0.951262237645022,0.446175761468964,0.401714830705759,-1,NA
13980,0.949137125188582,0.464250267718873,0.386331199143724,2,NA
14040,0.957828804421865,0.447805024029862,0.40530566197381,1,NA
14100,0.960711981357231,0.451439607188104,0.395104520716002,1,NA
14160,0.953357464189836,0.448060085476658,0.392871260920776,2,NA
14220,0.935354964842161,0.434311024628044,0.408770438204653,1,NA
14280,0.961005764694345,0.458098721165141,0.391535324372118,1,NA
14340,0.944235607490662,0.463091539201073,0.395717915621976,2,NA
14400,0.954540113384855,0.453423793495521,0.410646116271837,1,NA
14460,0.956881370256664,0.453219343806887,0.400509408713415,-1,NA
14520,0.950531873313724,0.420299520168496,0.412448351114787,2,NA
14580,0.933456472496398,0.444610099188534,0.397609117921559,2,NA
14640,0.969588165887856,0.442355606102299,0.408081847302895,2,NA
14700,0.94820139845979,0.456074716720065,0.398333651744397,0,NA
14760,0.954564004940446,0.452634353792988,0.402644655377075,2,NA
14820,0.943485806309641,0.438398572171238,0.397612507118013,1,NA
14880,0.96362359627088,0.449445057954888,0.401826269088357,2,NA
